AreaNaoVip:
  world: world
  x: 0.0
  y: 4.0
  z: 0.0
  yaw: 112.50008
  pitch: 2.1000016
AreaVip:
  world: world
  x: 0.0
  y: 4.0
  z: 6.0
  yaw: 112.50008
  pitch: 2.1000016
Spawn:
  world: world
  x: 0.0
  y: 4.0
  z: 0.0
  yaw: 112.50008
  pitch: 2.1000016