Spawn:
  world: world
  x: -200.0
  y: 4.0
  z: 200.0
  yaw: 112.50008
  pitch: 2.1000016